﻿;Revenue;Gross Profit;EBITDA;Operating Income;Income Before Tax;Net Income;Weighted Avg. Shares Outs. Dil.;Total Current Assets;Total Assets;Total Current Liabilities;Total Liabilities;Total Stockholders Equity;Cash Provided by Operating Activities;Cash Used for Investing Activities;Cash Used/Provided by Financing Activities;Net Change In Cash;Free Cash Flow;COGS;Gross Profit Ratio;Operating Expenses;R&D Expenses;Selling, G&A Exp.;General and Admin. Exp.;Selling and Marketing Exp;Other Expenses;COGS and Expenses;Interest Income;Interest Expense;Depreciation and Amortization;EBITDA ratio;Operating Income ratio;Total Other Income Exp.(Gains);Income Before Tax ratio;Income Tax Expense (Gain);Net Income Ratio;EPS;EPS Diluted;Weighted Avg. Shares Outs.;I_SEC Link;Cash and Cash Equivalents;Short-Term Investments;Cash & Short-Term Investments;Net Receivables;Inventory;Other Current Assets;PP&E;Goodwill;Intangible Assets;Goodwill and Intangible Assets;Investments;Tax Assets;Other Non-Current Assets;Total Non-Current Assets;Other Assets;Accounts Payable;Short-Term Debt;Tax Payable;Deferred Revenue;Other Current Liabilities;Long-Term Debt;Deferred Revenue;Deferred Tax Liabilities;Other Non-Current Liabilities;Total Non-Current Liabilities;Other Liabilities;Capital Lease Obligations;Preferred Stock;Common Stock;Retained Earnings;Other Compreh. Income(Loss);Other Total Stockhold. Equity;Total Liab.&Stockhold. Equity;Minority Interest;Total Liabilities & Equity;B_SEC Link;Net_Income;Depreciation_and_Amortization;Deferred_Income_Tax;Stock Based Compensation;Change in Working Capital;Accounts Receivable;Inventory;Accounts Payable;Other Working Capital;Other Non-Cash Items;CAPEX;Acquisitions Net;Purchases of Investments;Sales/Maturities of Investments;Other Investing Activities;Debt Repayment;Common Stock Issued;Common Stock Repurchased;Dividends Paid;Other Financing Activities;Effect of Forex Changes on Cash;Cash at the End of Period;Cash at the Beginning of Period;C_SEC Link;Dunno;Revenue per share;Earnings per share;FCF per share;Dividends per share;CAPEX per share;Book Value per sh.;Comm.Shares outs.;Avg. annual P/E ratio;P/E to S&P500;Avg. annual div. yield;Revenue (m);Operating margin;Depreciation (m);Net profit (m);Income tax rate;Net profit margin;Working capital (m);Long-term debt (m);Equity (m);ROIC;Return on capital;Return on equity;Plowback ratio;Div.&Repurch./FCF
2004.0;0.0;0.0;-0.0;-0.0;-0.0;-0.0;0.0;0.0;0.0;0.0;0.0;-0.0;-0.0;-0.0;0.0;0.0;-0.0;;100.0;0.0;0.0;0.0;;;0.0;0.0;0.0;0.0;0.0;-19151.49;-22926.73;-0.0;-24733.66;;-24733.66;-0.12;-0.12;0.0;;0.0;;0.0;;;;;;0.0;0.0;;;;0.0;;0.0;;;;0.0;;;;;;;;;0.0;-0.0;-0.0;;0.0;;0.0;;-0.0;0.0;;;0.0;;;;0.0;;-0.0;;;;;;;;;0.0;;0.0;;;;;;;;;;;;;;;;;;;;;;;;;;;
2005.0;0.0;0.0;-0.0;-0.0;-0.0;-0.0;1.0;0.0;0.0;0.0;0.0;-0.0;-0.0;;0.0;0.0;-0.0;;100.0;0.0;0.0;0.0;;;0.0;0.0;0.0;0.0;0.0;-47225.44;-52200.0;-0.0;-54898.82;;-54898.82;-0.12;-0.12;1.0;;0.0;;0.0;0.0;;;;;0.0;0.0;;;;0.0;;0.0;;;;0.0;0.0;;;;0.0;;;;0.0;-0.0;-0.0;0.0;0.0;;0.0;;-0.0;0.0;;;0.0;;;;0.0;-0.0;;;;;;;0.0;;;0.0;;0.0;0.0;;;;;;;;;;;;;;;;;;;;;;;;;;
2006.0;0.0;0.0;-1.0;-1.0;-1.0;-1.0;1.0;0.0;0.0;0.0;0.0;0.0;-0.0;-0.0;0.0;0.0;-0.0;;100.0;1.0;0.0;0.0;;;0.0;1.0;0.0;0.0;0.0;-622532.61;-635586.96;-0.0;-637808.7;;-637808.7;-0.82;-0.82;1.0;;0.0;;0.0;0.0;;;;;0.0;0.0;;;;0.0;;0.0;;;;0.0;0.0;;;;0.0;;;;0.0;-1.0;-0.0;1.0;0.0;;0.0;;-1.0;0.0;;;0.0;;;;0.0;0.0;-0.0;;;;;;0.0;;;;;0.0;0.0;;;0.0;-0.82;-0.15;;0.0;0.18;1.0;-5.7;-0.3;;0.0;-635587.0;0.0;-1.0;;-637808.7;0.0;0.0;0.0;-271.9;-244.8;-457.4;100.0;
2007.0;0.0;0.0;-1.0;-1.0;-1.0;-1.0;1.0;1.0;1.0;0.0;0.0;0.0;-0.0;-0.0;0.0;0.0;-0.0;;100.0;1.0;0.0;1.0;1.0;0.0;0.0;1.0;0.0;0.0;0.0;-212.88;-215.82;0.0;-215.19;0.0;-215.51;-1.05;-1.05;1.0;;0.0;;0.0;0.0;;0.0;0.0;;;;;;0.0;0.0;;0.0;0.0;;;0.0;0.0;;;;0.0;;;;0.0;-2.0;-0.0;2.0;1.0;;1.0;;-1.0;0.0;;;1.0;;;;2.0;-0.0;-0.0;;;;;;0.0;;;;;0.0;0.0;;;0.51;-1.11;-0.44;;0.01;0.52;1.0;-6.7;-0.4;;0.0;-215.8;0.0;-1.0;-0.2;-215.5;0.0;0.0;0.0;-187.3;-149.3;-212.1;100.0;
2008.0;3.0;2.0;1.0;1.0;1.0;1.0;1.0;2.0;2.0;0.0;0.0;2.0;1.0;-0.0;;1.0;1.0;1.0;74.41;1.0;;1.0;1.0;0.0;0.0;2.0;0.0;0.0;0.0;31.74;31.01;0.0;31.11;0.0;26.46;0.93;0.82;1.0;;2.0;;2.0;0.0;;0.0;0.0;;;;;;0.0;0.0;;0.0;0.0;;;0.0;0.0;;;;0.0;;;;0.0;-1.0;;2.0;2.0;;2.0;;1.0;0.0;;0.0;0.0;-0.0;;;2.0;0.0;-0.0;;;;;;;;;;;2.0;0.0;;;3.37;0.89;1.36;;0.03;1.71;1.0;8.5;0.4;;3.0;31.0;0.0;1.0;15.0;26.5;2.0;0.0;2.0;51.5;48.0;52.3;100.0;
2009.0;3.0;2.0;-0.0;-0.0;-0.0;-0.0;1.0;2.0;3.0;1.0;1.0;2.0;0.0;-0.0;;0.0;0.0;1.0;55.1;2.0;;2.0;2.0;;;3.0;0.0;0.0;0.0;-0.83;-2.67;0.0;-1.61;0.0;-3.21;-0.11;-0.11;1.0;;2.0;;2.0;0.0;;0.0;0.0;;;;;;0.0;0.0;;1.0;0.0;;0.0;0.0;;;;0.0;0.0;;;;0.0;-1.0;;3.0;3.0;;3.0;;-0.0;0.0;;0.0;-1.0;0.0;;;1.0;1.0;-0.0;;;;;;;;;;;2.0;2.0;;;3.42;-0.11;0.41;;0.06;1.81;1.0;-56.6;-0.8;;3.0;-2.7;0.0;-0.0;-100.1;-3.2;2.0;;2.0;-5.5;-1.8;-6.1;100.0;
2010.0;7.0;5.0;-1.0;-1.0;-1.0;-1.0;1.0;4.0;4.0;3.0;3.0;1.0;1.0;-0.0;;1.0;1.0;2.0;76.29;6.0;;6.0;2.0;4.0;;8.0;0.0;0.0;0.0;-17.16;-17.76;0.0;-17.5;;-17.5;-1.4;-1.4;1.0;;3.0;;3.0;0.0;;0.0;0.0;;;;;;0.0;0.0;;1.0;0.0;;2.0;0.0;;;;;;;;;0.0;-2.0;;3.0;4.0;;4.0;;-1.0;0.0;;0.0;4.0;0.0;;;5.0;-2.0;-0.0;;;;;;;;;;;3.0;2.0;;;7.06;-1.24;1.19;;0.02;0.7;1.0;-9.2;-0.4;;7.0;-17.8;0.0;-1.0;;-17.5;1.0;;1.0;-175.0;-32.1;-175.6;100.0;
2011.0;19.0;16.0;-4.0;-4.0;-4.0;-4.0;1.0;10.0;11.0;5.0;5.0;6.0;-1.0;-7.0;8.0;-1.0;-2.0;3.0;84.7;20.0;;20.0;5.0;15.0;;23.0;0.0;0.0;0.0;-18.68;-19.13;0.0;-18.96;;-18.96;-3.5;-3.5;1.0;;2.0;6.0;9.0;1.0;;0.0;1.0;;;;;;0.0;1.0;;1.0;;;3.0;1.0;;;;;;;;;0.0;-6.0;;11.0;11.0;;11.0;;-4.0;0.0;;0.0;-2.0;-0.0;;;3.0;4.0;-1.0;;-7.0;1.0;;;8.0;;;;;2.0;3.0;;;17.82;-3.38;-1.86;;0.5;5.16;1.0;-17.3;-1.1;;19.0;-19.1;0.0;-4.0;;-19.0;5.0;;6.0;-65.4;-33.9;-65.5;100.0;
2012.0;19.0;15.0;-4.0;-3.0;-4.0;-4.0;1.0;6.0;7.0;4.0;5.0;2.0;-3.0;6.0;0.0;3.0;-4.0;4.0;76.91;18.0;;18.0;8.0;10.0;;23.0;0.0;;0.0;-20.16;-17.44;-1.0;-20.94;;-20.94;-3.5;-3.5;1.0;;5.0;;5.0;1.0;;0.0;1.0;;;;;;0.0;1.0;;1.0;;;3.0;0.0;;0.0;;2.0;2.0;;;;0.0;-8.0;;9.0;7.0;;7.0;;-4.0;0.0;;1.0;-4.0;0.0;;;-2.0;4.0;-0.0;;;;6.0;;;;;0.0;;5.0;2.0;;;17.45;-3.65;-3.21;;0.13;1.6;1.0;-11.9;-0.8;;19.0;-17.4;0.0;-4.0;;-20.9;3.0;;2.0;-117.7;-57.7;-228.9;100.0;
2013.0;13.0;8.0;-4.0;-5.0;-4.0;-4.0;1.0;2.0;3.0;4.0;4.0;-1.0;-4.0;-0.0;0.0;-4.0;-4.0;5.0;60.07;13.0;;13.0;9.0;4.0;;18.0;;;0.0;-30.38;-43.54;1.0;-31.77;;-31.77;-3.5;-3.5;1.0;;1.0;;1.0;1.0;;0.0;1.0;;;;0.0;;0.0;1.0;;1.0;;;;3.0;;;;0.0;0.0;;;;0.0;-12.0;;11.0;3.0;;3.0;;-4.0;0.0;;1.0;-1.0;-0.0;;;-2.0;-1.0;-0.0;;-0.0;;-0.0;;;;;0.0;;1.0;5.0;;;11.34;-3.6;-3.8;;0.04;-0.78;1.0;-6.8;-0.4;;13.0;-43.5;0.0;-4.0;;-31.8;-2.0;;-1.0;559.1;-136.1;461.0;100.0;
2014.0;14.0;11.0;-1.0;-2.0;-2.0;-2.0;1.0;2.0;3.0;5.0;5.0;-1.0;-0.0;-0.0;0.0;0.0;-0.0;3.0;79.07;12.0;;12.0;7.0;5.0;;15.0;;;0.0;-10.89;-12.86;0.0;-12.23;;-12.23;-1.4;-1.4;1.0;;1.0;;1.0;1.0;;0.0;1.0;;;;0.0;;0.0;1.0;;1.0;0.0;;2.0;1.0;0.0;;;0.0;0.0;;0.0;;0.0;-13.0;;12.0;3.0;;3.0;;-2.0;0.0;;1.0;2.0;0.0;;;-0.0;-2.0;-0.0;;-0.0;;0.0;-0.0;;;;0.0;;1.0;1.0;;;12.12;-1.48;-0.15;;0.0;-1.32;1.0;-7.5;-0.4;;14.0;-12.9;0.0;-2.0;;-12.2;-2.0;0.0;-1.0;126.6;-51.9;111.9;100.0;
2015.0;12.0;10.0;-1.0;-1.0;-1.0;-1.0;1.0;3.0;4.0;3.0;5.0;-2.0;-1.0;-0.0;2.0;1.0;-1.0;2.0;85.84;12.0;2.0;10.0;4.0;5.0;;13.0;;;0.0;-9.41;-11.64;0.0;-10.8;;-10.8;-1.05;-1.05;1.0;;2.0;;2.0;0.0;;0.0;0.0;;;;0.0;;0.0;1.0;;1.0;;;2.0;0.0;2.0;;;1.0;2.0;;0.0;;0.0;-15.0;;13.0;4.0;;4.0;;-1.0;0.0;;1.0;2.0;0.0;;;1.0;-3.0;-0.0;;;;0.0;-0.0;;;;3.0;;2.0;1.0;;;10.62;-1.15;-1.14;;0.07;-1.47;1.0;-5.0;-0.2;;12.0;-11.6;0.0;-1.0;;-10.8;-0.0;2.0;-2.0;-208.6;-36.4;78.0;100.0;
2016.0;21.0;16.0;-0.0;-2.0;-1.0;-1.0;6.0;6.0;28.0;5.0;7.0;21.0;-0.0;-2.0;-0.0;-3.0;-1.0;5.0;76.1;18.0;9.0;9.0;4.0;5.0;;23.0;-0.0;;1.0;-0.24;-8.31;0.0;-6.92;;-6.92;-0.26;-0.26;6.0;;4.0;;4.0;1.0;;1.0;1.0;14.0;6.0;20.0;;;0.0;21.0;;2.0;;;3.0;0.0;;;1.0;0.0;2.0;;;;0.0;5.0;;16.0;28.0;;28.0;;-1.0;1.0;;0.0;-2.0;0.0;;-1.0;-0.0;1.0;-0.0;-2.0;;;;-0.0;;;;;;4.0;7.0;;;3.76;-0.26;-0.13;;0.06;3.74;6.0;-18.0;-0.8;;21.0;-8.3;1.0;-1.0;;-6.9;1.0;;21.0;-6.4;-5.3;-7.0;100.0;
2017.0;25.0;20.0;-4.0;-6.0;-6.0;-6.0;6.0;5.0;23.0;5.0;5.0;17.0;-1.0;-0.0;1.0;-0.0;-1.0;5.0;80.43;26.0;9.0;17.0;9.0;8.0;;31.0;0.0;;2.0;-14.22;-22.78;-0.0;-22.81;0.0;-23.73;-0.91;-0.91;6.0;;4.0;;4.0;1.0;;0.0;1.0;13.0;4.0;17.0;;;0.0;18.0;;2.0;;;3.0;0.0;;;;;;;;;0.0;-1.0;;18.0;23.0;;23.0;;-6.0;2.0;;2.0;-2.0;0.0;;1.0;-2.0;3.0;-0.0;;;;0.0;-0.0;;;;1.0;;4.0;4.0;;;3.85;-0.91;-0.16;;0.05;2.7;6.0;-4.6;-0.2;;25.0;-22.8;2.0;-6.0;-4.0;-23.7;-0.0;;17.0;-33.8;-24.9;-33.8;100.0;
2018.0;26.0;21.0;-2.0;-1.0;-4.0;-4.0;7.0;7.0;24.0;9.0;9.0;15.0;3.0;-0.0;0.0;2.0;2.0;5.0;81.47;23.0;8.0;15.0;9.0;6.0;;28.0;;;2.0;-6.86;-5.08;-2.0;-14.4;0.0;-14.41;-0.56;-0.56;7.0;;7.0;;7.0;0.0;;0.0;1.0;13.0;2.0;15.0;;;1.0;17.0;;3.0;0.0;;5.0;1.0;0.0;;;;0.0;;0.0;;0.0;-5.0;;20.0;24.0;;24.0;;-4.0;2.0;;2.0;2.0;0.0;;1.0;0.0;1.0;-0.0;;;;;;0.0;;;;;7.0;4.0;;;3.92;-0.56;0.36;;0.05;2.25;7.0;-9.5;-0.4;;26.0;-5.1;2.0;-4.0;-0.1;-14.4;-2.0;0.0;15.0;-24.9;-15.5;-25.1;100.0;
2019.0;15.0;12.0;-8.0;-2.0;-9.0;-8.0;7.0;4.0;12.0;3.0;4.0;8.0;-4.0;1.0;-0.0;-3.0;-5.0;3.0;79.23;14.0;7.0;7.0;6.0;1.0;;17.0;;;1.0;-50.63;-12.14;-7.0;-59.44;-0.0;-54.83;-1.22;-1.22;7.0;;3.0;;3.0;0.0;;0.0;1.0;6.0;1.0;7.0;;;0.0;8.0;;1.0;0.0;0.0;2.0;0.0;1.0;;;;1.0;;1.0;;0.0;-13.0;;21.0;12.0;;12.0;;-8.0;1.0;;1.0;2.0;0.0;;-2.0;2.0;-0.0;-0.0;;;;2.0;;;-0.0;;;;3.0;7.0;;;2.22;-1.22;-0.71;;0.06;1.19;7.0;-2.1;-0.1;;15.0;-12.1;1.0;-8.0;1.6;-54.8;0.0;1.0;8.0;-95.7;-69.7;-102.4;100.0;
2020.0;13.0;10.0;2.0;1.0;1.0;1.0;7.0;6.0;14.0;4.0;4.0;10.0;1.0;0.0;0.0;2.0;1.0;3.0;79.95;9.0;5.0;4.0;3.0;1.0;;12.0;0.0;;0.0;13.22;9.68;0.0;10.69;-0.0;10.69;0.2;0.2;7.0;;6.0;;6.0;0.0;;0.0;0.0;6.0;0.0;7.0;;;1.0;8.0;;1.0;0.0;;2.0;1.0;0.0;;;-0.0;0.0;;0.0;;0.0;;;10.0;14.0;;14.0;;1.0;0.0;;0.0;5.0;0.0;;;8.0;-6.0;;;;;0.0;;0.0;;;0.0;;6.0;3.0;;;1.86;0.2;0.21;;;1.43;7.0;7.0;0.2;;13.0;9.7;0.0;1.0;-0.0;10.7;2.0;0.0;10.0;13.7;10.1;13.9;100.0;-3.0
2021.0;13.0;13.0;2.0;1.0;1.0;1.0;8.0;22.0;29.0;4.0;4.0;25.0;1.0;1.0;14.0;16.0;1.0;;100.0;9.0;5.0;4.0;3.0;1.0;;13.0;;;0.0;12.84;3.91;1.0;10.05;0.0;9.98;0.17;0.17;8.0;;22.0;;22.0;0.0;;0.0;0.0;6.0;0.0;7.0;;;0.0;7.0;;1.0;0.0;;2.0;0.0;0.0;;;;0.0;;;;0.0;-10.0;;35.0;29.0;;29.0;;1.0;0.0;;-0.0;11.0;-0.0;;1.0;18.0;-11.0;;;;;1.0;;14.0;;;0.0;;22.0;6.0;;;1.71;0.17;0.16;;;3.23;8.0;24.2;0.8;;13.0;3.9;0.0;1.0;0.7;10.0;18.0;0.0;25.0;5.3;4.6;5.3;100.0;-1099.9
